
data=[1.00000000000000e-07 + 0.00000000000000i,2.33000000000000 + 0.00000000000000i,1.30000000000000 + 0.00000000000000i;1.02000000000000e-07 + 0.00000000000000i,2.33000000000000 + 0.00000000000000i,1.28000000000000 + 0.00000000000000i;1.04000000000000e-07 + 0.00000000000000i,2.32000000000000 + 0.00000000000000i,1.25000000000000 + 0.00000000000000i;1.06000000000000e-07 + 0.00000000000000i,2.32000000000000 + 0.00000000000000i,1.23000000000000 + 0.00000000000000i;1.08000000000000e-07 + 0.00000000000000i,2.32000000000000 + 0.00000000000000i,1.21000000000000 + 0.00000000000000i;1.10000000000000e-07 + 0.00000000000000i,2.32000000000000 + 0.00000000000000i,1.19000000000000 + 0.00000000000000i;1.12000000000000e-07 + 0.00000000000000i,2.32000000000000 + 0.00000000000000i,1.17000000000000 + 0.00000000000000i;1.14000000000000e-07 + 0.00000000000000i,2.32000000000000 + 0.00000000000000i,1.15000000000000 + 0.00000000000000i;1.16000000000000e-07 + 0.00000000000000i,2.31000000000000 + 0.00000000000000i,1.13000000000000 + 0.00000000000000i;1.18000000000000e-07 + 0.00000000000000i,2.31000000000000 + 0.00000000000000i,1.11000000000000 + 0.00000000000000i;1.20000000000000e-07 + 0.00000000000000i,2.31000000000000 + 0.00000000000000i,1.09000000000000 + 0.00000000000000i;1.22000000000000e-07 + 0.00000000000000i,2.31000000000000 + 0.00000000000000i,1.07000000000000 + 0.00000000000000i;1.24000000000000e-07 + 0.00000000000000i,2.31000000000000 + 0.00000000000000i,1.05000000000000 + 0.00000000000000i;1.26000000000000e-07 + 0.00000000000000i,2.31000000000000 + 0.00000000000000i,1.03000000000000 + 0.00000000000000i;1.28000000000000e-07 + 0.00000000000000i,2.31000000000000 + 0.00000000000000i,1.02000000000000 + 0.00000000000000i;1.30000000000000e-07 + 0.00000000000000i,2.30570051788055 + 3.40822325159983e-16i,1.00000000000000 + 0.00000000000000i;1.32000000000000e-07 + 0.00000000000000i,2.30458434651440 - 3.42096917698196e-16i,0.983000000000000 + 0.00000000000000i;1.34000000000000e-07 + 0.00000000000000i,2.30000000000000 + 0.00000000000000i,0.967000000000000 + 0.00000000000000i;1.36000000000000e-07 + 0.00000000000000i,2.30244098913760 + 2.57980044535827e-16i,0.951000000000000 + 0.00000000000000i;1.38000000000000e-07 + 0.00000000000000i,2.30000000000000 + 0.00000000000000i,0.935000000000000 + 0.00000000000000i;1.40000000000000e-07 + 0.00000000000000i,2.30000000000000 + 0.00000000000000i,0.920000000000000 + 0.00000000000000i;1.42000000000000e-07 + 0.00000000000000i,2.30000000000000 + 0.00000000000000i,0.905000000000000 + 0.00000000000000i;1.44000000000000e-07 + 0.00000000000000i,2.29847051218589 + 3.48543600075402e-16i,0.890000000000000 + 0.00000000000000i;1.46000000000000e-07 + 0.00000000000000i,2.30000000000000 + 0.00000000000000i,0.875000000000000 + 0.00000000000000i;1.48000000000000e-07 + 0.00000000000000i,2.30000000000000 + 0.00000000000000i,0.861000000000000 + 0.00000000000000i;1.50000000000000e-07 + 0.00000000000000i,2.30000000000000 + 0.00000000000000i,0.847000000000000 + 0.00000000000000i;1.52000000000000e-07 + 0.00000000000000i,2.29000000000000 + 0.00000000000000i,0.833000000000000 + 0.00000000000000i;1.54000000000000e-07 + 0.00000000000000i,2.29000000000000 + 0.00000000000000i,0.820000000000000 + 0.00000000000000i;1.56000000000000e-07 + 0.00000000000000i,2.29000000000000 + 0.00000000000000i,0.806000000000000 + 0.00000000000000i;1.58000000000000e-07 + 0.00000000000000i,2.29000000000000 + 0.00000000000000i,0.793000000000000 + 0.00000000000000i;1.60000000000000e-07 + 0.00000000000000i,2.29161838985082 - 3.53958095124805e-16i,0.781000000000000 + 0.00000000000000i;1.62000000000000e-07 + 0.00000000000000i,2.29000000000000 + 0.00000000000000i,0.768000000000000 + 0.00000000000000i;1.64000000000000e-07 + 0.00000000000000i,2.29009924038101 - 2.66469555967921e-16i,0.756000000000000 + 0.00000000000000i;1.66000000000000e-07 + 0.00000000000000i,2.29000000000000 + 0.00000000000000i,0.743000000000000 + 0.00000000000000i;1.68000000000000e-07 + 0.00000000000000i,2.29000000000000 + 0.00000000000000i,0.732000000000000 + 0.00000000000000i;1.70000000000000e-07 + 0.00000000000000i,2.28794870289524 - 3.58013847242165e-16i,0.720000000000000 + 0.00000000000000i;1.72000000000000e-07 + 0.00000000000000i,2.29000000000000 + 0.00000000000000i,0.708000000000000 + 0.00000000000000i;1.74000000000000e-07 + 0.00000000000000i,2.29000000000000 + 0.00000000000000i,0.697000000000000 + 0.00000000000000i;1.76000000000000e-07 + 0.00000000000000i,2.29000000000000 + 0.00000000000000i,0.686000000000000 + 0.00000000000000i;1.78000000000000e-07 + 0.00000000000000i,2.29000000000000 + 0.00000000000000i,0.675000000000000 + 0.00000000000000i;1.80000000000000e-07 + 0.00000000000000i,2.28000000000000 + 0.00000000000000i,0.664000000000000 + 0.00000000000000i;1.82000000000000e-07 + 0.00000000000000i,2.28000000000000 + 0.00000000000000i,0.654000000000000 + 0.00000000000000i;1.84000000000000e-07 + 0.00000000000000i,2.28000000000000 + 0.00000000000000i,0.643000000000000 + 0.00000000000000i;1.86000000000000e-07 + 0.00000000000000i,2.28000000000000 + 0.00000000000000i,0.633000000000000 + 0.00000000000000i;1.88000000000000e-07 + 0.00000000000000i,2.28000000000000 + 0.00000000000000i,0.623000000000000 + 0.00000000000000i;1.90000000000000e-07 + 0.00000000000000i,2.28000000000000 + 0.00000000000000i,0.613000000000000 + 0.00000000000000i;1.92000000000000e-07 + 0.00000000000000i,2.28000000000000 + 0.00000000000000i,0.604000000000000 + 0.00000000000000i;1.94000000000000e-07 + 0.00000000000000i,2.28000000000000 + 0.00000000000000i,0.594000000000000 + 0.00000000000000i;1.96000000000000e-07 + 0.00000000000000i,2.28000000000000 + 0.00000000000000i,0.585000000000000 + 0.00000000000000i;1.98000000000000e-07 + 0.00000000000000i,2.27960123209049 - 2.74109940932253e-16i,0.576000000000000 + 0.00000000000000i;2.00000000000000e-07 + 0.00000000000000i,2.28000000000000 + 0.00000000000000i,0.567000000000000 + 0.00000000000000i;2.02000000000000e-07 + 0.00000000000000i,2.28000000000000 + 0.00000000000000i,0.558000000000000 + 0.00000000000000i;2.04000000000000e-07 + 0.00000000000000i,2.28000000000000 + 0.00000000000000i,0.549000000000000 + 0.00000000000000i;2.06000000000000e-07 + 0.00000000000000i,2.27763919208454 + 2.74874469519879e-16i,0.540000000000000 + 0.00000000000000i;2.08000000000000e-07 + 0.00000000000000i,2.28000000000000 + 0.00000000000000i,0.532000000000000 + 0.00000000000000i;2.10000000000000e-07 + 0.00000000000000i,2.27671636644417 + 2.76160015168373e-16i,0.524000000000000 + 0.00000000000000i;2.12000000000000e-07 + 0.00000000000000i,2.27626856595882 + 2.76742790117706e-16i,0.515000000000000 + 0.00000000000000i;2.14000000000000e-07 + 0.00000000000000i,2.28000000000000 + 0.00000000000000i,0.507000000000000 + 0.00000000000000i;2.16000000000000e-07 + 0.00000000000000i,2.27539989689843 + 3.70223062036491e-16i,0.499000000000000 + 0.00000000000000i;2.18000000000000e-07 + 0.00000000000000i,2.27000000000000 + 0.00000000000000i,0.492000000000000 + 0.00000000000000i;2.20000000000000e-07 + 0.00000000000000i,2.27000000000000 + 0.00000000000000i,0.484000000000000 + 0.00000000000000i;2.22000000000000e-07 + 0.00000000000000i,2.27000000000000 + 0.00000000000000i,0.476000000000000 + 0.00000000000000i;2.24000000000000e-07 + 0.00000000000000i,2.27376233042028 - 2.78119493188164e-16i,0.469000000000000 + 0.00000000000000i;2.26000000000000e-07 + 0.00000000000000i,2.27000000000000 + 0.00000000000000i,0.462000000000000 + 0.00000000000000i;2.28000000000000e-07 + 0.00000000000000i,2.27000000000000 + 0.00000000000000i,0.455000000000000 + 0.00000000000000i;2.30000000000000e-07 + 0.00000000000000i,2.27000000000000 + 0.00000000000000i,0.447000000000000 + 0.00000000000000i;2.34000000000000e-07 + 0.00000000000000i,2.27000000000000 + 0.00000000000000i,0.434000000000000 + 0.00000000000000i;2.36000000000000e-07 + 0.00000000000000i,2.27000000000000 + 0.00000000000000i,0.427000000000000 + 0.00000000000000i;2.40000000000000e-07 + 0.00000000000000i,2.27000000000000 + 